16
0 3 3 3 3 3 3 3 3 3 3 3 3 3 3 3
3 0 3 3 3 3 3 3 3 3 3 3 1 3 3 3
3 3 0 3 3 1 3 3 3 3 3 3 3 3 3 3
3 3 3 0 3 3 3 3 3 3 3 3 3 3 3 3
3 3 3 3 0 3 3 3 3 3 1 3 3 3 3 3
1 3 3 3 3 0 3 3 3 3 3 3 3 3 3 3
3 3 3 3 3 3 0 3 3 3 3 3 3 3 3 3
3 3 3 3 3 3 3 0 3 3 3 3 3 3 3 3
3 3 3 3 3 3 3 3 0 3 3 3 3 3 3 3
3 3 3 3 3 3 3 3 3 0 3 3 3 3 3 3
3 3 3 2 3 3 3 3 3 3 0 3 3 3 3 3
3 3 3 3 3 3 3 3 3 3 3 0 3 3 3 3
3 3 3 3 3 3 3 3 3 3 3 3 0 3 3 3
3 3 3 3 3 3 3 3 3 3 3 3 3 0 3 3
3 3 3 3 3 3 3 3 3 3 3 3 3 3 0 3
3 3 3 3 3 3 3 3 3 3 3 3 3 3 3 0
4
0 10 15 20
5  0  9 10
6 13  0 12
8  8  9  0