20
0 5 4 5 4 5 4 5 4 3 1 5 4 5 4 5 4 5 4 3
4 0 5 1 2 3 4 5 7 5 1 5 4 5 4 5 4 5 4 3
9 8 0 1 2 3 1 2 3 9 1 5 4 5 4 5 4 5 4 3
9 9 9 0 9 9 9 9 8 4 1 5 4 5 4 5 4 5 4 3
1 1 1 1 0 1 1 1 3 2 1 5 4 5 4 5 4 5 4 3
8 7 6 5 4 0 3 2 5 8 1 5 4 5 4 5 4 5 4 3
9 1 9 1 9 1 0 9 6 7 1 5 4 5 4 5 4 5 4 3
6 5 4 3 2 1 9 0 9 8 1 5 4 5 4 5 4 5 4 3
5 5 4 2 7 4 9 2 0 3 1 5 4 5 4 5 4 5 4 3
2 4 6 3 7 6 3 8 1 0 1 5 4 5 4 5 4 5 4 3
1 5 4 5 4 5 4 5 4 3 0 5 4 5 4 5 4 5 4 3
1 5 4 5 4 5 4 5 4 3 1 0 4 5 4 5 4 5 4 3
1 5 4 5 4 5 4 5 4 3 1 5 0 5 4 5 4 5 4 3
1 5 4 5 4 5 4 5 4 3 1 5 4 0 4 5 4 5 4 3
1 5 4 5 4 5 4 5 4 3 1 5 4 5 0 5 4 5 4 3
1 5 4 5 4 5 4 5 4 3 1 5 4 5 4 0 4 5 4 3
1 5 4 5 4 5 4 5 4 3 1 5 4 5 4 5 0 5 4 3
1 5 4 5 4 5 4 5 4 3 1 5 4 5 4 5 4 0 4 3
1 5 4 5 4 5 4 5 4 3 1 5 4 5 4 5 4 5 0 3
1 5 4 5 4 5 4 5 4 3 1 5 4 5 4 5 4 5 4 0